position = [ -1.1651732921600342, -1.2881177663803101, 0.34932383894920349 ]
rotation = [ 0.0, 0.0, 0.0, 1.0 ]
scale = [ 1.0, 1.0, 1.0 ]