position = [ -0.0023825466632843018, 0.0056151151657104492, 0.0 ]
rotation = [ -0.69318228960037231, -0.0, 0.0, 0.72076231241226196 ]
scale = [ 1.0, 1.0, 1.0 ]