position = [ -6.6511974334716797, -6.3315215110778809, 4.5165982246398926 ]
rotation = [ 0.0, 0.0, 0.0, 1.0 ]
scale = [ 1.0, 1.0, 1.0 ]