position = [ 0.0, 0.0, 0.0 ]
rotation = [ -0.70548123121261597, -0.0, 0.0, 0.7087286114692688 ]
scale = [ 1.0, 1.0, 1.0 ]